0.000000e+00 0.000000e+00 0.000000e+00 0.000000e+00
1.000000e-09 1.612010e-108 5.161130e-83 2.590768e-18
2.000000e-09 4.108487e-108 1.206582e-82 5.268406e-18
3.000000e-09 8.859176e-108 2.304666e-82 8.122698e-18
4.000000e-09 1.847065e-107 4.181326e-82 1.124935e-17
5.000000e-09 3.821647e-107 7.470546e-82 1.475320e-17
6.000000e-09 7.893060e-107 1.328351e-81 1.875173e-17
7.000000e-09 1.629518e-106 2.358399e-81 2.337902e-17
8.000000e-09 3.363801e-106 4.185174e-81 2.879022e-17
9.000000e-09 6.943710e-106 7.425810e-81 3.516678e-17
1.000000e-08 1.433344e-105 1.317508e-80 4.272250e-17
1.100000e-08 2.958754e-105 2.337522e-80 5.171073e-17
1.200000e-08 6.107550e-105 4.147213e-80 6.243285e-17
1.300000e-08 1.260739e-104 7.357938e-80 7.524839e-17
1.400000e-08 2.602456e-104 1.305437e-79 9.058705e-17
1.500000e-08 5.372068e-104 2.316090e-79 1.089632e-16
1.600000e-08 1.108919e-103 4.109178e-79 1.309929e-16
1.700000e-08 2.289064e-103 7.290452e-79 1.574148e-16
1.800000e-08 4.725155e-103 1.293463e-78 1.891150e-16
1.900000e-08 9.753809e-103 2.294846e-78 2.271564e-16
2.000000e-08 2.013411e-102 4.071487e-78 2.728144e-16
2.100000e-08 4.156144e-102 7.223582e-78 3.276201e-16
2.200000e-08 8.579239e-102 1.281599e-77 3.934111e-16
2.300000e-08 1.770953e-101 2.273797e-77 4.723934e-16
2.400000e-08 3.655654e-101 4.034142e-77 5.672153e-16
2.500000e-08 7.546113e-101 7.157326e-77 6.810564e-16
2.600000e-08 1.557692e-100 1.269844e-76 8.177337e-16
2.700000e-08 3.215434e-100 2.252941e-76 9.818301e-16
2.800000e-08 6.637397e-100 3.997140e-76 1.178848e-15
2.900000e-08 1.370112e-99 7.091677e-76 1.415393e-15
3.000000e-08 2.828226e-99 1.258196e-75 1.699397e-15
3.100000e-08 5.838111e-99 2.232277e-75 2.040384e-15
3.200000e-08 1.205121e-98 3.960477e-75 2.449785e-15
3.300000e-08 2.487647e-98 7.026630e-75 2.941329e-15
3.400000e-08 5.135076e-98 1.246656e-74 3.531498e-15
3.500000e-08 1.059998e-97 2.211802e-74 4.240081e-15
3.600000e-08 2.188080e-97 3.924151e-74 5.090836e-15
3.700000e-08 4.516701e-97 6.962180e-74 6.112289e-15
3.800000e-08 9.323512e-97 1.235221e-73 7.338692e-15
3.900000e-08 1.924588e-96 2.191514e-73 8.811166e-15
4.000000e-08 3.972793e-96 3.888158e-73 1.057908e-14
4.100000e-08 8.200759e-96 6.898321e-73 1.270172e-14
4.200000e-08 1.692826e-95 1.223892e-72 1.525026e-14
4.300000e-08 3.494382e-95 2.171413e-72 1.831015e-14
4.400000e-08 7.213210e-95 3.852494e-72 2.198399e-14
4.500000e-08 1.488973e-94 6.835048e-72 2.639496e-14
4.600000e-08 3.073583e-94 1.212666e-71 3.169098e-14
4.700000e-08 6.344583e-94 2.151496e-71 3.804961e-14
4.800000e-08 1.309668e-93 3.817158e-71 4.568408e-14
4.900000e-08 2.703457e-93 6.772355e-71 5.485035e-14
5.000000e-08 5.580558e-93 1.201543e-70 6.585580e-14
5.100000e-08 1.151956e-92 2.131762e-70 7.906943e-14
5.200000e-08 2.377902e-92 3.782146e-70 9.493430e-14
5.300000e-08 4.908538e-92 6.710237e-70 1.139824e-13
5.400000e-08 1.013235e-91 1.190522e-69 1.368524e-13
5.500000e-08 2.091551e-91 2.112209e-69 1.643111e-13
5.600000e-08 4.317444e-91 3.747456e-69 1.972793e-13
5.700000e-08 8.912198e-91 6.648689e-69 2.368624e-13
5.800000e-08 1.839683e-90 1.179602e-68 2.843876e-13
5.900000e-08 3.797530e-90 2.092836e-68 3.414485e-13
6.000000e-08 7.838977e-90 3.713083e-68 4.099584e-13
6.100000e-08 1.618145e-89 6.587706e-68 4.922145e-13
6.200000e-08 3.340225e-89 1.168783e-67 5.909748e-13
6.300000e-08 6.894994e-89 2.073640e-67 7.095509e-13
6.400000e-08 1.423286e-88 3.679026e-67 8.519186e-13
6.500000e-08 2.937989e-88 6.527282e-67 1.022852e-12
6.600000e-08 6.064687e-88 1.158062e-66 1.228082e-12
6.700000e-08 1.251891e-87 2.054620e-66 1.474490e-12
6.800000e-08 2.584192e-87 3.645281e-66 1.770339e-12
6.900000e-08 5.334367e-87 6.467412e-66 2.125549e-12
7.000000e-08 1.101136e-86 1.147440e-65 2.552029e-12
7.100000e-08 2.272999e-86 2.035774e-65 3.064081e-12
7.200000e-08 4.691994e-86 3.611845e-65 3.678873e-12
7.300000e-08 9.685357e-86 6.408091e-65 4.417020e-12
7.400000e-08 1.999281e-85 1.136916e-64 5.303272e-12
7.500000e-08 4.126976e-85 2.017101e-64 6.367347e-12
7.600000e-08 8.519030e-85 3.578716e-64 7.644922e-12
7.700000e-08 1.758524e-84 6.349314e-64 9.178837e-12
7.800000e-08 3.629999e-84 1.126487e-63 1.102052e-11
7.900000e-08 7.493154e-84 1.998600e-63 1.323174e-11
8.000000e-08 1.546760e-83 3.545891e-63 1.588662e-11
8.100000e-08 3.192868e-83 6.291077e-63 1.907418e-11
8.200000e-08 6.590816e-83 1.116155e-62 2.290132e-11
8.300000e-08 1.360496e-82 1.980268e-62 2.749636e-11
8.400000e-08 2.808378e-82 3.513368e-62 3.301336e-11
8.500000e-08 5.797139e-82 6.233373e-62 3.963732e-11
8.600000e-08 1.196663e-81 1.105917e-61 4.759035e-11
8.700000e-08 2.470188e-81 1.962105e-61 5.713911e-11
8.800000e-08 5.099038e-81 3.481142e-61 6.860378e-11
8.900000e-08 1.052559e-80 6.176199e-61 8.236878e-11
9.000000e-08 2.172724e-80 1.095774e-60 9.889565e-11
9.100000e-08 4.485003e-80 1.944108e-60 1.187386e-10
9.200000e-08 9.258080e-80 3.449212e-60 1.425628e-10
9.300000e-08 1.911081e-79 6.119549e-60 1.711674e-10
9.400000e-08 3.944912e-79 1.085723e-59 2.055112e-10
9.500000e-08 8.143207e-79 1.926276e-59 2.467460e-10
9.600000e-08 1.680945e-78 3.417575e-59 2.962543e-10
9.700000e-08 3.469859e-78 6.063419e-59 3.556962e-10
9.800000e-08 7.162588e-78 1.075764e-58 4.270648e-10
9.900000e-08 1.478523e-77 1.908608e-58 5.127532e-10
1.000000e-07 3.052013e-77 3.386228e-58 6.156345e-10
1.010000e-07 6.300057e-77 6.007804e-58 7.391585e-10
1.020000e-07 1.300477e-76 1.065897e-57 8.874669e-10
1.030000e-07 2.684484e-76 1.891101e-57 1.065533e-09
1.040000e-07 5.541394e-76 3.355169e-57 1.279326e-09
1.050000e-07 1.143871e-75 5.952699e-57 1.536016e-09
1.060000e-07 2.361214e-75 1.056120e-56 1.844210e-09
1.070000e-07 4.874090e-75 1.873756e-56 2.214242e-09
1.080000e-07 1.006124e-74 3.324394e-56 2.658518e-09
1.090000e-07 2.076873e-74 5.898099e-56 3.191936e-09
1.100000e-07 4.287144e-74 1.046433e-55 3.832382e-09
1.110000e-07 8.849653e-74 1.856569e-55 4.601330e-09
1.120000e-07 1.826772e-73 3.293902e-55 5.524563e-09
1.130000e-07 3.770879e-73 5.844000e-55 6.633038e-09
1.140000e-07 7.783963e-73 1.036835e-54 7.963924e-09
1.150000e-07 1.606789e-72 1.839540e-54 9.561844e-09
1.160000e-07 3.316783e-72 3.263690e-54 1.148038e-08
1.170000e-07 6.846605e-72 5.790398e-54 1.378386e-08
1.180000e-07 1.413297e-71 1.027325e-53 1.654952e-08
1.190000e-07 2.917371e-71 1.822668e-53 1.987010e-08
1.200000e-07 6.022125e-71 3.233754e-53 2.385693e-08
1.210000e-07 1.243105e-70 5.737287e-53 2.864370e-08
1.220000e-07 2.566056e-70 1.017902e-52 3.439091e-08
1.230000e-07 5.296931e-70 1.805950e-52 4.129128e-08
1.240000e-07 1.093409e-69 3.204093e-52 4.957616e-08
1.250000e-07 2.257047e-69 5.684663e-52 5.952336e-08
1.260000e-07 4.659066e-69 1.008566e-51 7.146642e-08
1.270000e-07 9.617385e-69 1.789385e-51 8.580580e-08
1.280000e-07 1.985250e-68 3.174705e-51 1.030223e-07
1.290000e-07 4.098013e-68 5.632522e-51 1.236932e-07
1.300000e-07 8.459244e-68 9.993150e-51 1.485116e-07
1.310000e-07 1.746183e-67 1.772972e-50 1.783097e-07
1.320000e-07 3.604524e-67 3.145585e-50 2.140866e-07
1.330000e-07 7.440567e-67 5.580859e-50 2.570420e-07
1.340000e-07 1.535905e-66 9.901490e-50 3.086162e-07
1.350000e-07 3.170461e-66 1.756710e-49 3.705384e-07
1.360000e-07 6.544562e-66 3.116733e-49 4.448851e-07
1.370000e-07 1.350948e-65 5.529670e-49 5.341490e-07
1.380000e-07 2.788669e-65 9.810671e-49 6.413233e-07
1.390000e-07 5.756455e-65 1.740597e-48 7.700015e-07
1.400000e-07 1.188265e-64 3.088146e-48 9.244984e-07
1.410000e-07 2.452853e-64 5.478950e-48 1.109994e-06
1.420000e-07 5.063253e-64 9.720685e-48 1.332709e-06
1.430000e-07 1.045172e-63 1.724632e-47 1.600110e-06
1.440000e-07 2.157476e-63 3.059821e-47 1.921164e-06
1.450000e-07 4.453528e-63 5.428696e-47 2.306636e-06
1.460000e-07 9.193107e-63 9.631524e-47 2.769451e-06
1.470000e-07 1.897669e-62 1.708813e-46 3.325127e-06
1.480000e-07 3.917226e-62 3.031755e-46 3.992297e-06
1.490000e-07 8.086058e-62 5.378902e-46 4.793330e-06
1.500000e-07 1.669149e-61 9.543182e-46 5.755088e-06
1.510000e-07 3.445507e-61 1.693139e-45 6.909817e-06
1.520000e-07 7.112321e-61 3.003947e-45 8.296236e-06
1.530000e-07 1.468147e-60 5.329566e-45 9.960834e-06
1.540000e-07 3.030594e-60 9.455649e-45 1.195942e-05
1.550000e-07 6.255844e-60 1.677610e-44 1.435902e-05
1.560000e-07 1.291350e-59 2.976394e-44 1.724009e-05
1.570000e-07 2.665645e-59 5.280681e-44 2.069922e-05
1.580000e-07 5.502505e-59 9.368919e-44 2.485241e-05
1.590000e-07 1.135844e-58 1.662222e-43 2.983892e-05
1.600000e-07 2.344643e-58 2.949094e-43 3.582595e-05
1.610000e-07 4.839884e-58 5.232246e-43 4.301425e-05
1.620000e-07 9.990635e-58 9.282985e-43 5.164484e-05
1.630000e-07 2.062297e-57 1.646976e-42 6.200711e-05
1.640000e-07 4.257057e-57 2.922044e-42 7.444852e-05
1.650000e-07 8.787546e-57 5.184254e-42 8.938623e-05
1.660000e-07 1.813952e-56 9.197839e-42 1.073211e-04
1.670000e-07 3.744415e-56 1.631869e-41 1.288546e-04
1.680000e-07 7.729335e-56 2.895242e-41 1.547086e-04
1.690000e-07 1.595513e-55 5.136703e-41 1.857501e-04
1.700000e-07 3.293506e-55 9.113474e-41 2.230199e-04
1.710000e-07 6.798556e-55 1.616901e-40 2.677677e-04
1.720000e-07 1.403379e-54 2.868686e-40 3.214939e-04
1.730000e-07 2.896897e-54 5.089588e-40 3.860000e-04
1.740000e-07 5.979862e-54 9.029883e-40 4.634489e-04
1.750000e-07 1.234381e-53 1.602071e-39 5.564376e-04
1.760000e-07 2.548048e-53 2.842374e-39 6.680839e-04
1.770000e-07 5.259757e-53 5.042905e-39 8.021315e-04
1.780000e-07 1.085735e-52 8.947059e-39 9.630751e-04
1.790000e-07 2.241207e-52 1.587376e-38 1.156311e-03
1.800000e-07 4.626369e-52 2.816303e-38 1.388319e-03
1.810000e-07 9.549891e-52 4.996650e-38 1.666878e-03
1.820000e-07 1.971318e-51 8.864994e-38 2.001329e-03
1.830000e-07 4.069254e-51 1.572816e-37 2.402885e-03
1.840000e-07 8.399877e-51 2.790471e-37 2.885012e-03
1.850000e-07 1.733928e-50 4.950819e-37 3.463875e-03
1.860000e-07 3.579227e-50 8.783682e-37 4.158884e-03
1.870000e-07 7.388350e-50 1.558390e-36 4.993343e-03
1.880000e-07 1.525126e-49 2.764876e-36 5.995232e-03
1.890000e-07 3.148211e-49 4.905409e-36 7.198144e-03
1.900000e-07 6.498632e-49 8.703116e-36 8.642415e-03
1.910000e-07 1.341467e-48 1.544096e-35 1.037647e-02
1.920000e-07 2.769098e-48 2.739516e-35 1.245846e-02
1.930000e-07 5.716056e-48 4.860415e-35 1.495818e-02
1.940000e-07 1.179926e-47 8.623289e-35 1.795947e-02
1.950000e-07 2.265523e-47 1.439491e-34 2.107477e-02
1.960000e-07 3.062799e-47 1.629827e-34 1.468734e-02
1.970000e-07 3.700272e-47 1.484591e-34 2.017522e-03
1.980000e-07 4.144679e-47 1.033687e-34 -1.151527e-02
1.990000e-07 4.372835e-47 3.699528e-35 -2.012250e-02
2.000000e-07 4.372835e-47 -3.699528e-35 -2.012250e-02
2.010000e-07 4.144679e-47 -1.033687e-34 -1.151527e-02
2.020000e-07 3.700272e-47 -1.484591e-34 2.017522e-03
2.030000e-07 3.062799e-47 -1.629827e-34 1.468734e-02
2.040000e-07 2.265523e-47 -1.439491e-34 2.107477e-02
2.050000e-07 1.179926e-47 -8.623289e-35 1.795947e-02
2.060000e-07 5.716056e-48 -4.860415e-35 1.495818e-02
2.070000e-07 2.769098e-48 -2.739516e-35 1.245846e-02
2.080000e-07 1.341467e-48 -1.544096e-35 1.037647e-02
2.090000e-07 6.498632e-49 -8.703116e-36 8.642415e-03
2.100000e-07 3.148211e-49 -4.905409e-36 7.198144e-03
2.110000e-07 1.525126e-49 -2.764876e-36 5.995232e-03
2.120000e-07 7.388350e-50 -1.558390e-36 4.993343e-03
2.130000e-07 3.579227e-50 -8.783682e-37 4.158884e-03
2.140000e-07 1.733928e-50 -4.950819e-37 3.463875e-03
2.150000e-07 8.399877e-51 -2.790471e-37 2.885012e-03
2.160000e-07 4.069253e-51 -1.572816e-37 2.402885e-03
2.170000e-07 1.971317e-51 -8.864994e-38 2.001329e-03
2.180000e-07 9.549882e-52 -4.996650e-38 1.666878e-03
2.190000e-07 4.626349e-52 -2.816303e-38 1.388319e-03
2.200000e-07 2.241168e-52 -1.587376e-38 1.156311e-03
2.210000e-07 1.085653e-52 -8.947055e-39 9.630751e-04
2.220000e-07 5.258060e-53 -5.042898e-39 8.021315e-04
2.230000e-07 2.544544e-53 -2.842362e-39 6.680839e-04
2.240000e-07 1.227150e-53 -1.602049e-39 5.564376e-04
2.250000e-07 5.830584e-54 -9.029493e-40 4.634489e-04
2.260000e-07 2.588751e-54 -5.088896e-40 3.860000e-04
2.270000e-07 7.672946e-55 -2.867459e-40 3.214939e-04
2.280000e-07 -6.331683e-55 -1.614723e-40 2.677677e-04
2.290000e-07 -2.381033e-54 -9.074831e-41 2.230199e-04
2.300000e-07 -5.435306e-54 -5.068143e-41 1.857501e-04
2.310000e-07 -1.147178e-53 -2.773604e-41 1.547086e-04
2.320000e-07 -2.380251e-53 -1.416061e-41 1.288546e-04
2.330000e-07 -4.919301e-53 -5.368993e-42 1.073211e-04
2.340000e-07 -1.015744e-52 1.608838e-42 8.938623e-05
2.350000e-07 -2.096868e-52 9.130175e-42 7.444852e-05
2.360000e-07 -4.328485e-52 1.973592e-41 6.200711e-05
2.370000e-07 -8.935024e-52 3.700897e-41 5.164484e-05
2.380000e-07 -1.844396e-51 6.678461e-41 4.301425e-05
2.390000e-07 -3.807260e-51 1.191218e-40 3.582595e-05
2.400000e-07 -7.859062e-51 2.117015e-40 2.983892e-05
2.410000e-07 -1.622292e-50 3.757993e-40 2.485241e-05
2.420000e-07 -3.348783e-50 6.668519e-40 2.069922e-05
2.430000e-07 -6.912661e-50 1.183184e-39 1.724009e-05
2.440000e-07 -1.426932e-49 2.099227e-39 1.435902e-05
2.450000e-07 -2.945517e-49 3.724443e-39 1.195942e-05
2.460000e-07 -6.080227e-49 6.607872e-39 9.960833e-06
2.470000e-07 -1.255099e-48 1.172361e-38 8.296236e-06
2.480000e-07 -2.590813e-48 2.079989e-38 6.909816e-06
2.490000e-07 -5.348036e-48 3.690291e-38 5.755087e-06
2.500000e-07 -1.103958e-47 6.547268e-38 4.793330e-06
2.510000e-07 -2.278823e-47 1.161608e-37 3.992296e-06
2.520000e-07 -4.704016e-47 2.060911e-37 3.325126e-06
2.530000e-07 -9.710173e-47 3.656442e-37 2.769449e-06
2.540000e-07 -2.004404e-46 6.487215e-37 2.306634e-06
2.550000e-07 -4.137551e-46 1.150954e-36 1.921162e-06
2.560000e-07 -8.540858e-46 2.042008e-36 1.600108e-06
2.570000e-07 -1.763030e-45 3.622905e-36 1.332706e-06
2.580000e-07 -3.639300e-45 6.427712e-36 1.109991e-06
2.590000e-07 -7.512354e-45 1.140397e-35 9.244942e-07
2.600000e-07 -1.550723e-44 2.023278e-35 7.699965e-07
2.610000e-07 -3.201049e-44 3.589674e-35 6.413172e-07
2.620000e-07 -6.607703e-44 6.368756e-35 5.341417e-07
2.630000e-07 -1.363982e-43 1.129937e-34 4.448763e-07
2.640000e-07 -2.815574e-43 2.004720e-34 3.705279e-07
2.650000e-07 -5.811993e-43 3.556749e-34 3.086036e-07
2.660000e-07 -1.199729e-42 6.310340e-34 2.570269e-07
2.670000e-07 -2.476518e-42 1.119573e-33 2.140684e-07
2.680000e-07 -5.112103e-42 1.986332e-33 1.782879e-07
2.690000e-07 -1.055256e-41 3.524125e-33 1.484854e-07
2.700000e-07 -2.178291e-41 6.252460e-33 1.236617e-07
2.710000e-07 -4.496495e-41 1.109304e-32 1.029845e-07
2.720000e-07 -9.281802e-41 1.968113e-32 8.576046e-08
2.730000e-07 -1.915978e-40 3.491801e-32 7.141199e-08
2.740000e-07 -3.955020e-40 6.195111e-32 5.945801e-08
2.750000e-07 -8.164072e-40 1.099129e-31 4.949769e-08
2.760000e-07 -1.685253e-39 1.950061e-31 4.119707e-08
2.770000e-07 -3.478749e-39 3.459774e-31 3.427780e-08
2.780000e-07 -7.180941e-39 6.138287e-31 2.850789e-08
2.790000e-07 -1.482312e-38 1.089047e-30 2.369387e-08
2.800000e-07 -3.059833e-38 1.932174e-30 1.967432e-08
2.810000e-07 -6.316200e-38 3.428040e-30 1.631446e-08
2.820000e-07 -1.303809e-37 6.081985e-30 1.350164e-08
2.830000e-07 -2.691363e-37 1.079058e-29 1.114153e-08
2.840000e-07 -5.555592e-37 1.914452e-29 9.155011e-09
2.850000e-07 -1.146802e-36 3.396597e-29 7.475461e-09
2.860000e-07 -2.367264e-36 6.026200e-29 6.046569e-09
2.870000e-07 -4.886579e-36 1.069161e-28 4.820421e-09
2.880000e-07 -1.008702e-35 1.896892e-28 3.755905e-09
2.890000e-07 -2.082194e-35 3.365442e-28 2.817327e-09
2.900000e-07 -4.298129e-35 5.970926e-28 1.973216e-09
2.910000e-07 -8.872328e-35 1.059354e-27 1.195268e-09
2.920000e-07 -1.831453e-34 1.879493e-27 4.573980e-10
2.930000e-07 -3.780541e-34 3.334574e-27 -2.651352e-10
2.940000e-07 -7.803907e-34 5.916159e-27 -9.965585e-10
2.950000e-07 -1.610906e-33 1.049638e-26 -1.761397e-09
2.960000e-07 -3.325282e-33 1.862254e-26 -2.585296e-09
2.970000e-07 -6.864148e-33 3.303988e-26 -3.495882e-09
2.980000e-07 -1.416918e-32 5.861895e-26 -4.523687e-09
2.990000e-07 -2.924846e-32 1.040010e-25 -5.703174e-09
3.000000e-07 -6.037556e-32 1.845173e-25 -7.073892e-09
3.010000e-07 -1.246291e-31 3.273683e-25 -8.681802e-09
3.020000e-07 -2.572631e-31 5.808128e-25 -1.058082e-08
3.030000e-07 -5.310503e-31 1.030471e-24 -1.283462e-08
3.040000e-07 -1.096210e-30 1.828249e-24 -1.551877e-08
3.050000e-07 -2.262831e-30 3.243656e-24 -1.872327e-08
3.060000e-07 -4.671004e-30 5.754854e-24 -2.255558e-08
3.070000e-07 -9.642028e-30 1.021019e-23 -2.714419e-08
3.080000e-07 -1.990337e-29 1.811479e-23 -3.264296e-08
3.090000e-07 -4.108514e-29 3.213904e-23 -3.923627e-08
3.100000e-07 -8.480919e-29 5.702069e-23 -4.714520e-08
3.110000e-07 -1.750657e-28 1.011654e-22 -5.663493e-08
3.120000e-07 -3.613759e-28 1.794864e-22 -6.802367e-08
3.130000e-07 -7.459632e-28 3.184426e-22 -8.169329e-08
3.140000e-07 -1.539840e-27 5.649768e-22 -9.810214e-08
3.150000e-07 -3.178585e-27 1.002375e-21 -1.178004e-07
3.160000e-07 -6.561331e-27 1.778401e-21 -1.414486e-07
3.170000e-07 -1.354410e-26 3.155217e-21 -1.698396e-07
3.180000e-07 -2.795814e-26 5.597947e-21 -2.039255e-07
3.190000e-07 -5.771204e-26 9.931808e-21 -2.448492e-07
3.200000e-07 -1.191310e-25 1.762089e-20 -2.939827e-07
3.210000e-07 -2.459137e-25 3.126277e-20 -3.529737e-07
3.220000e-07 -5.076226e-25 5.546601e-20 -4.238002e-07
3.230000e-07 -1.047850e-24 9.840711e-20 -5.088369e-07
3.240000e-07 -2.163004e-24 1.745927e-19 -6.109352e-07
3.250000e-07 -4.464939e-24 3.097602e-19 -7.335186e-07
3.260000e-07 -9.216662e-24 5.495726e-19 -8.806973e-07
3.270000e-07 -1.902531e-23 9.750450e-19 -1.057406e-06
3.280000e-07 -3.927263e-23 1.729913e-18 -1.269571e-06
3.290000e-07 -8.106776e-23 3.069190e-18 -1.524305e-06
3.300000e-07 -1.673425e-22 5.445318e-18 -1.830150e-06
3.310000e-07 -3.454336e-22 9.661016e-18 -2.197361e-06
3.320000e-07 -7.130545e-22 1.714045e-17 -2.638251e-06
3.330000e-07 -1.471909e-21 3.041038e-17 -3.167603e-06
3.340000e-07 -3.038359e-21 5.395372e-17 -3.803167e-06
3.350000e-07 -6.271873e-21 9.572403e-17 -4.566253e-06
3.360000e-07 -1.294659e-20 1.698324e-16 -5.482449e-06
3.370000e-07 -2.672475e-20 3.013145e-16 -6.582474e-06
3.380000e-07 -5.516603e-20 5.345885e-16 -7.903215e-06
3.390000e-07 -1.138754e-19 9.484602e-16 -9.488954e-06
3.400000e-07 -2.350651e-19 1.682746e-15 -1.139286e-05
3.410000e-07 -4.852285e-19 2.985508e-15 -1.367879e-05
3.420000e-07 -1.001623e-18 5.296851e-15 -1.642336e-05
3.430000e-07 -2.067581e-18 9.397607e-15 -1.971863e-05
3.440000e-07 -4.267965e-18 1.667312e-14 -2.367507e-05
3.450000e-07 -8.810062e-18 2.958124e-14 -2.842535e-05
3.460000e-07 -1.818600e-17 5.248267e-14 -3.412875e-05
3.470000e-07 -3.754009e-17 9.311410e-14 -4.097651e-05
3.480000e-07 -7.749140e-17 1.652019e-13 -4.919824e-05
3.490000e-07 -1.599601e-16 2.930991e-13 -5.906962e-05
3.500000e-07 -3.301945e-16 5.200128e-13 -7.092164e-05
3.510000e-07 -6.815976e-16 9.226003e-13 -8.515170e-05
3.520000e-07 -1.406974e-15 1.636866e-12 -1.022370e-04
3.530000e-07 -2.904319e-15 2.904107e-12 -1.227503e-04
3.540000e-07 -5.995184e-15 5.152431e-12 -1.473795e-04
3.550000e-07 -1.237544e-14 9.141380e-12 -1.769504e-04
3.560000e-07 -2.554576e-14 1.621852e-11 -2.124546e-04
3.570000e-07 -5.273234e-14 2.877470e-11 -2.550826e-04
3.580000e-07 -1.088517e-13 5.105172e-11 -3.062636e-04
3.590000e-07 -2.246950e-13 9.057533e-11 -3.677138e-04
3.600000e-07 -4.638223e-13 1.606976e-10 -4.414937e-04
3.610000e-07 -9.574360e-13 2.851077e-10 -5.300772e-04
3.620000e-07 -1.976369e-12 5.058346e-10 -6.364345e-04
3.630000e-07 -4.079680e-12 8.974455e-10 -7.641318e-04
3.640000e-07 -8.421400e-12 1.592237e-09 -9.174510e-04
3.650000e-07 -1.738371e-11 2.824926e-09 -1.101533e-03
3.660000e-07 -3.588398e-11 5.011949e-09 -1.322550e-03
3.670000e-07 -7.407281e-11 8.892139e-09 -1.587913e-03
3.680000e-07 -1.529033e-10 1.577632e-08 -1.906519e-03
3.690000e-07 -3.156277e-10 2.799015e-08 -2.289053e-03
3.700000e-07 -6.515284e-10 4.965979e-08 -2.748339e-03
3.710000e-07 -1.344905e-09 8.810578e-08 -3.299780e-03
3.720000e-07 -2.776193e-09 1.563162e-07 -3.961863e-03
3.730000e-07 -5.730702e-09 2.773342e-07 -4.756791e-03
3.740000e-07 -1.182949e-08 4.920429e-07 -5.711217e-03
3.750000e-07 -2.441879e-08 8.729765e-07 -6.857144e-03
3.760000e-07 -5.040602e-08 1.548824e-06 -8.232994e-03
3.770000e-07 -1.040496e-07 2.747904e-06 -9.884903e-03
3.780000e-07 -2.147824e-07 4.875298e-06 -1.186826e-02
3.790000e-07 -4.433604e-07 8.649693e-06 -1.424956e-02
3.800000e-07 -9.151980e-07 1.534618e-05 -1.710867e-02
3.810000e-07 -1.889180e-06 2.722700e-05 -2.054143e-02
3.820000e-07 -3.899702e-06 4.830580e-05 -2.466297e-02
3.830000e-07 -8.049883e-06 8.570356e-05 -2.961146e-02
3.840000e-07 -1.661681e-05 1.520542e-04 -3.555285e-02
3.850000e-07 -3.430093e-05 2.697727e-04 -4.268635e-02
3.860000e-07 -7.080503e-05 4.786273e-04 -5.125115e-02
3.870000e-07 -1.461579e-04 8.491746e-04 -6.153443e-02
3.880000e-07 -3.017036e-04 1.506595e-03 -7.388100e-02
3.890000e-07 -6.227857e-04 2.672982e-03 -8.870485e-02
3.900000e-07 -1.285573e-03 4.742372e-03 -1.065030e-01
3.910000e-07 -2.653719e-03 8.413858e-03 -1.278723e-01
3.920000e-07 -5.477888e-03 1.492776e-02 -1.535292e-01
3.930000e-07 -1.130762e-02 2.648465e-02 -1.843341e-01
3.940000e-07 -2.334154e-02 4.698874e-02 -2.213198e-01
3.950000e-07 -4.818232e-02 8.336684e-02 -2.657265e-01
3.960000e-07 -9.945940e-02 1.479084e-01 -3.190431e-01
3.970000e-07 -2.053071e-01 2.624173e-01 -3.830575e-01
3.980000e-07 -4.238012e-01 4.655775e-01 -4.599160e-01
3.990000e-07 -8.748234e-01 8.260217e-01 -5.521959e-01
