0.000000e+00 0.000000e+00 0.000000e+00
1.000000e-09 9.960384e-33 2.051330e-34
2.000000e-09 1.923602e-31 3.932215e-33
3.000000e-09 2.438988e-30 4.949591e-32
4.000000e-09 4.427893e-30 8.786367e-32
5.000000e-09 8.247483e-30 1.590399e-31
6.000000e-09 1.547745e-29 2.896116e-31
7.000000e-09 2.910876e-29 5.283676e-31
8.000000e-09 5.478244e-29 9.645538e-31
9.000000e-09 1.031272e-28 1.761286e-30
1.000000e-08 1.941664e-28 3.216664e-30
1.100000e-08 3.656262e-28 5.875529e-30
1.200000e-08 6.885990e-28 1.073391e-29
1.300000e-08 1.297084e-27 1.961305e-29
1.400000e-08 2.443711e-27 3.584403e-29
1.500000e-08 4.604895e-27 6.552113e-29
1.600000e-08 8.679313e-27 1.197973e-28
1.700000e-08 1.636269e-26 2.190895e-28
1.800000e-08 3.085571e-26 4.007874e-28
1.900000e-08 5.820173e-26 7.333855e-28
2.000000e-08 1.098155e-25 1.342409e-27
2.100000e-08 2.072651e-25 2.457987e-27
2.200000e-08 3.913197e-25 4.502205e-27
2.300000e-08 7.390741e-25 8.249542e-27
2.400000e-08 1.396377e-24 1.512173e-26
2.500000e-08 2.639270e-24 2.772992e-26
2.600000e-08 4.990441e-24 5.087206e-26
2.700000e-08 9.440084e-24 9.336878e-26
2.800000e-08 1.786497e-23 1.714447e-25
2.900000e-08 3.382408e-23 3.149592e-25
3.000000e-08 6.406997e-23 5.788962e-25
3.100000e-08 1.214215e-22 1.064563e-24
3.200000e-08 2.302275e-22 1.958729e-24
3.300000e-08 4.367636e-22 3.605932e-24
3.400000e-08 8.290319e-22 6.642156e-24
3.500000e-08 1.574487e-21 1.224213e-23
3.600000e-08 2.991973e-21 2.257715e-23
3.700000e-08 5.688982e-21 4.166330e-23
3.800000e-08 1.082373e-20 7.693399e-23
3.900000e-08 2.060596e-20 1.421579e-22
4.000000e-08 3.925448e-20 2.628569e-22
4.100000e-08 7.482967e-20 4.863755e-22
4.200000e-08 1.427427e-19 9.006073e-22
4.300000e-08 2.724816e-19 1.668855e-21
4.400000e-08 5.205119e-19 3.094772e-21
4.500000e-08 9.950431e-19 5.743459e-21
4.600000e-08 1.903611e-18 1.066745e-20
4.700000e-08 3.644572e-18 1.982888e-20
4.800000e-08 6.983202e-18 3.688868e-20
4.900000e-08 1.339089e-17 6.868364e-20
5.000000e-08 2.569912e-17 1.279930e-19
5.100000e-08 4.936147e-17 2.387259e-19
5.200000e-08 9.489128e-17 4.456569e-19
5.300000e-08 1.825744e-16 8.327159e-19
5.400000e-08 3.515872e-16 1.557374e-18
5.500000e-08 6.776520e-16 2.915341e-18
5.600000e-08 1.307256e-15 5.462432e-18
5.700000e-08 2.524027e-15 1.024431e-17
5.800000e-08 4.877605e-15 1.922996e-17
5.900000e-08 9.434044e-15 3.613037e-17
6.000000e-08 1.826279e-14 6.794609e-17
6.100000e-08 3.538456e-14 1.278950e-16
6.200000e-08 6.861789e-14 2.409569e-16
6.300000e-08 1.331794e-13 4.543818e-16
6.400000e-08 2.587098e-13 8.576256e-16
6.500000e-08 5.029949e-13 1.620202e-15
6.600000e-08 9.787889e-13 3.063618e-15
6.700000e-08 1.906288e-12 5.798201e-15
6.800000e-08 3.715879e-12 1.098360e-14
6.900000e-08 7.249491e-12 2.082515e-14
7.000000e-08 1.415552e-11 3.952056e-14
7.100000e-08 2.766408e-11 7.506695e-14
7.200000e-08 5.411003e-11 1.427134e-13
7.300000e-08 1.059278e-10 2.715627e-13
7.400000e-08 2.075452e-10 5.172072e-13
7.500000e-08 4.069913e-10 9.859328e-13
7.600000e-08 7.987790e-10 1.881126e-12
7.700000e-08 1.569050e-09 3.592323e-12
7.800000e-08 3.084715e-09 6.866248e-12
7.900000e-08 6.069610e-09 1.313559e-11
8.000000e-08 1.195291e-08 2.515155e-11
8.100000e-08 2.355879e-08 4.820197e-11
8.200000e-08 4.647275e-08 9.245895e-11
8.300000e-08 1.255064e-07 2.409130e-10
8.400000e-08 2.250640e-07 4.033438e-10
8.500000e-08 3.015510e-07 4.841971e-10
8.600000e-08 3.480073e-07 4.685335e-10
8.700000e-08 3.608225e-07 3.608433e-10
8.800000e-08 3.398112e-07 1.833318e-10
8.900000e-08 2.879352e-07 -2.911815e-11
9.000000e-08 2.107470e-07 -2.361039e-10
9.100000e-08 1.156474e-07 -3.994728e-10
9.200000e-08 4.235867e-08 -4.630547e-10
9.300000e-08 2.125515e-08 -7.092287e-10
9.400000e-08 1.065681e-08 -1.277534e-09
9.500000e-08 5.338658e-09 -2.427672e-09
9.600000e-08 2.672263e-09 -4.686445e-09
9.700000e-08 1.336501e-09 -9.091143e-09
9.800000e-08 6.678860e-10 -1.766989e-08
9.900000e-08 3.334873e-10 -3.438325e-08
1.000000e-07 1.663797e-10 -6.696793e-08
1.010000e-07 8.294043e-11 -1.305476e-07
1.020000e-07 4.131211e-11 -2.547100e-07
1.030000e-07 2.056052e-11 -4.973890e-07
1.040000e-07 1.022438e-11 -9.721165e-07
1.050000e-07 5.080260e-12 -1.901568e-06
1.060000e-07 2.522208e-12 -3.722854e-06
1.070000e-07 1.251178e-12 -7.294750e-06
1.080000e-07 6.201349e-13 -1.430588e-05
1.090000e-07 3.070613e-13 -2.807939e-05
1.100000e-07 1.518095e-13 -5.516065e-05
1.110000e-07 7.477135e-14 -1.084524e-04
1.120000e-07 3.634822e-14 -2.134109e-04
1.130000e-07 1.674167e-14 -4.203015e-04
1.140000e-07 5.822500e-15 -8.284604e-04
1.150000e-07 -2.068140e-15 -1.634363e-03
1.160000e-07 -1.103706e-14 -3.226939e-03
1.170000e-07 -2.577403e-14 -6.376728e-03
1.180000e-07 -5.401253e-14 -1.261158e-02
1.190000e-07 -1.106116e-13 -2.496346e-02
1.200000e-07 -2.254266e-13 -4.945422e-02
1.210000e-07 -6.334192e-13 -1.342860e-01
1.220000e-07 -1.221959e-12 -2.432891e-01
1.230000e-07 -1.826150e-12 -3.311411e-01
1.240000e-07 -2.458851e-12 -3.911328e-01
1.250000e-07 -3.136559e-12 -4.192699e-01
1.260000e-07 -3.879682e-12 -4.143304e-01
1.270000e-07 -4.713042e-12 -3.776998e-01
1.280000e-07 -5.666716e-12 -3.130370e-01
1.290000e-07 -6.777325e-12 -2.258192e-01
1.300000e-07 -8.089879e-12 -1.228055e-01
1.310000e-07 -9.190281e-12 -4.478108e-02
1.320000e-07 -1.476864e-11 -2.239784e-02
1.330000e-07 -2.831117e-11 -1.119606e-02
1.340000e-07 -5.714555e-11 -5.593351e-03
1.350000e-07 -1.168961e-10 -2.792716e-03
1.360000e-07 -2.399903e-10 -1.393573e-03
1.370000e-07 -4.933400e-10 -6.949940e-04
1.380000e-07 -1.014882e-09 -3.464025e-04
1.390000e-07 -2.089025e-09 -1.725559e-04
1.400000e-07 -4.302462e-09 -8.590687e-05
1.410000e-07 -8.866090e-09 -4.274402e-05
1.420000e-07 -1.828050e-08 -2.125555e-05
1.430000e-07 -3.771243e-08 -1.056378e-05
1.440000e-07 -7.784326e-08 -5.247070e-06
1.450000e-07 -1.607672e-07 -2.604752e-06
1.460000e-07 -3.322107e-07 -1.292329e-06
1.470000e-07 -6.868617e-07 -6.408521e-07
1.480000e-07 -1.420902e-06 -3.176903e-07
1.490000e-07 -2.941022e-06 -1.575619e-07
1.500000e-07 -6.090756e-06 -7.842910e-08
1.510000e-07 -1.262068e-05 -3.968169e-08
1.520000e-07 -2.616572e-05 -2.140213e-08
1.530000e-07 -5.427764e-05 -1.418051e-08
1.540000e-07 -1.126541e-04 -1.429795e-08
1.550000e-07 -2.339436e-04 -2.182774e-08
1.560000e-07 -4.860858e-04 -4.069249e-08
1.570000e-07 -1.010536e-03 -8.072404e-08
1.580000e-07 -2.101978e-03 -1.628158e-07
1.590000e-07 -4.374631e-03 -3.298829e-07
1.600000e-07 -9.109434e-03 -6.694070e-07
1.610000e-07 -2.633733e-02 -1.873927e-06
1.620000e-07 -5.353487e-02 -3.591797e-06
1.630000e-07 -8.615103e-02 -5.314950e-06
1.640000e-07 -1.276638e-01 -7.056818e-06
1.650000e-07 -1.826188e-01 -8.837832e-06
1.660000e-07 -2.571629e-01 -1.068532e-05
1.670000e-07 -3.597740e-01 -1.263320e-05
1.680000e-07 -5.022517e-01 -1.472084e-05
1.690000e-07 -7.010249e-01 -1.699014e-05
